time	V(n002)
0.000000000000000e+000	0.000000e+000
2.285714271822924e-008	4.149643e-006
4.571428543645849e-008	1.640000e-005
6.857142815468773e-008	3.675107e-005
9.142857087291697e-008	6.520286e-005
1.142857135911462e-007	1.017554e-004
1.371428563093755e-007	1.464086e-004
1.599999990276046e-007	1.991625e-004
3.199999980552093e-007	7.890236e-004
6.399999961104186e-007	2.959950e-003
1.128281246110419e-006	8.301630e-003
1.616562496110419e-006	1.601613e-002
2.104843746110419e-006	2.618034e-002
2.593124996110419e-006	3.862472e-002
3.081406246110419e-006	5.317799e-002
3.569687496110419e-006	6.966749e-002
4.057968746110418e-006	8.791940e-002
4.546249996110419e-006	1.077591e-001
5.034531246110419e-006	1.290116e-001
5.522812496110420e-006	1.515018e-001
6.011093746110420e-006	1.750548e-001
6.499374996110420e-006	1.994967e-001
6.987656246110421e-006	2.246545e-001
7.475937496110421e-006	2.503567e-001
7.964218746110422e-006	2.764340e-001
8.452499996110422e-006	3.027192e-001
8.940781246110423e-006	3.290482e-001
9.429062496110423e-006	3.552599e-001
9.917343746110423e-006	3.811971e-001
1.040562499611042e-005	4.067066e-001
1.089390624611042e-005	4.316396e-001
1.138218749611043e-005	4.558524e-001
1.187046874611043e-005	4.792066e-001
1.235874999611043e-005	5.015695e-001
1.284703124611043e-005	5.228143e-001
1.333531249611043e-005	5.428209e-001
1.382359374611043e-005	5.614759e-001
1.431187499611043e-005	5.786726e-001
1.480015624611043e-005	5.943124e-001
1.528843749611043e-005	6.083038e-001
1.577671874611043e-005	6.205633e-001
1.626499999611043e-005	6.310157e-001
1.675328124611043e-005	6.395939e-001
1.724156249611043e-005	6.462395e-001
1.772984374611043e-005	6.509026e-001
1.821812499611043e-005	6.535422e-001
1.870640624611043e-005	6.541259e-001
1.968296874611043e-005	6.490418e-001
2.065953124611043e-005	6.355705e-001
2.163609374611043e-005	6.137748e-001
2.261265624611044e-005	5.838566e-001
2.358921874611044e-005	5.461529e-001
2.456578124611044e-005	5.011293e-001
2.554234374611044e-005	4.493718e-001
2.651890624611044e-005	3.915770e-001
2.749546874611044e-005	3.285408e-001
2.847203124611044e-005	2.611451e-001
2.944859374611044e-005	1.903445e-001
3.042515624611044e-005	1.171505e-001
3.140171874611044e-005	4.261614e-002
3.188999999611044e-005	5.182751e-003
3.237828124611044e-005	-3.218039e-002
3.335484374611044e-005	-1.061527e-001
3.433140624611044e-005	-1.782229e-001
3.530796874611044e-005	-2.473380e-001
3.628453124611044e-005	-3.124864e-001
3.726109374611044e-005	-3.727135e-001
3.823765624611045e-005	-4.271358e-001
3.921421874611045e-005	-4.749550e-001
4.019078124611045e-005	-5.154701e-001
4.116734374611045e-005	-5.480880e-001
4.214390624611045e-005	-5.723329e-001
4.312046874611045e-005	-5.878531e-001
4.409703124611045e-005	-5.944272e-001
4.507359374611045e-005	-5.919668e-001
4.605015624611045e-005	-5.805185e-001
4.702671874611045e-005	-5.602632e-001
4.800328124611045e-005	-5.315130e-001
4.897984374611046e-005	-4.947074e-001
4.995640624611046e-005	-4.504063e-001
5.093296874611046e-005	-3.992814e-001
5.190953124611046e-005	-3.421067e-001
5.288609374611046e-005	-2.797468e-001
5.386265624611046e-005	-2.131437e-001
5.483921874611046e-005	-1.433026e-001
5.581578124611046e-005	-7.127742e-002
5.679234374611046e-005	1.845664e-003
5.776890624611046e-005	7.496417e-002
5.874546874611046e-005	1.469760e-001
5.972203124611046e-005	2.167958e-001
6.069859374611047e-005	2.833716e-001
6.167515624611046e-005	3.457003e-001
6.265171874611046e-005	4.028429e-001
6.362828124611046e-005	4.539386e-001
6.460484374611046e-005	4.982175e-001
6.558140624611046e-005	5.350126e-001
6.655796874611046e-005	5.637694e-001
6.753453124611046e-005	5.840545e-001
6.851109374611047e-005	5.955620e-001
6.948765624611047e-005	5.981181e-001
7.046421874611047e-005	5.916836e-001
7.144078124611047e-005	5.763549e-001
7.241734374611047e-005	5.523617e-001
7.339390624611047e-005	5.200648e-001
7.437046874611047e-005	4.799494e-001
7.534703124611047e-005	4.326183e-001
7.632359374611047e-005	3.787833e-001
7.730015624611047e-005	3.192538e-001
7.827671874611047e-005	2.549248e-001
7.925328124611048e-005	1.867638e-001
8.022984374611048e-005	1.157955e-001
8.120640624611048e-005	4.308735e-002
8.218296874611048e-005	-3.026730e-002
8.315953124611048e-005	-1.031653e-001
8.413609374611048e-005	-1.745103e-001
8.511265624611048e-005	-2.432294e-001
8.608921874611048e-005	-3.082890e-001
8.706578124611048e-005	-3.687108e-001
8.804234374611048e-005	-4.235860e-001
8.901890624611048e-005	-4.720893e-001
8.999546874611048e-005	-5.134913e-001
9.097203124611049e-005	-5.471692e-001
9.194859374611049e-005	-5.726168e-001
9.292515624611049e-005	-5.894511e-001
9.390171874611049e-005	-5.974191e-001
9.487828124611049e-005	-5.964010e-001
9.585484374611049e-005	-5.864121e-001
9.683140624611049e-005	-5.676028e-001
9.780796874611049e-005	-5.402558e-001
9.878453124611049e-005	-5.047827e-001
9.976109374611049e-005	-4.617169e-001
1.007376562461105e-004	-4.117062e-001
1.017142187461105e-004	-3.555030e-001
1.026907812461105e-004	-2.939524e-001
1.036673437461105e-004	-2.279805e-001
1.046439062461105e-004	-1.585793e-001
1.056204687461105e-004	-8.679283e-002
1.065970312461105e-004	-1.370081e-002
1.075735937461105e-004	5.959738e-002
1.085501562461105e-004	1.319993e-001
1.095267187461105e-004	2.024158e-001
1.105032812461105e-004	2.697879e-001
1.114798437461105e-004	3.331022e-001
1.124564062461105e-004	3.914064e-001
1.134329687461105e-004	4.438236e-001
1.144095312461105e-004	4.895652e-001
1.153860937461105e-004	5.279434e-001
1.163626562461105e-004	5.583808e-001
1.173392187461105e-004	5.804198e-001
1.183157812461105e-004	5.937287e-001
1.192923437461105e-004	5.981074e-001
1.202689062461105e-004	5.934900e-001
1.212454687461105e-004	5.799460e-001
1.222220312461105e-004	5.576791e-001
1.231985937461105e-004	5.270242e-001
1.241751562461105e-004	4.884424e-001
1.251517187461105e-004	4.425139e-001
1.261282812461105e-004	3.899297e-001
1.271048437461105e-004	3.314806e-001
1.280814062461105e-004	2.680457e-001
1.290579687461105e-004	2.005791e-001
1.300345312461105e-004	1.300957e-001
1.310110937461105e-004	5.765551e-002
1.319876562461105e-004	-1.565187e-002
1.329642187461105e-004	-8.872382e-002
1.339407812461105e-004	-1.604613e-001
1.349173437461105e-004	-2.297853e-001
1.358939062461105e-004	-2.956530e-001
1.368704687461105e-004	-3.570739e-001
1.378470312461105e-004	-4.131241e-001
1.388235937461105e-004	-4.629604e-001
1.398001562461105e-004	-5.058334e-001
1.407767187461105e-004	-5.410982e-001
1.417532812461105e-004	-5.682244e-001
1.427298437461105e-004	-5.868040e-001
1.437064062461105e-004	-5.965575e-001
1.446829687461105e-004	-5.973382e-001
1.456595312461105e-004	-5.891343e-001
1.466360937461105e-004	-5.720694e-001
1.476126562461105e-004	-5.464000e-001
1.485892187461105e-004	-5.125122e-001
1.495657812461105e-004	-4.709158e-001
1.505423437461105e-004	-4.222363e-001
1.515189062461105e-004	-3.672060e-001
1.524954687461105e-004	-3.066526e-001
1.534720312461105e-004	-2.414869e-001
1.544485937461105e-004	-1.726890e-001
1.554251562461105e-004	-1.012936e-001
1.564017187461105e-004	-2.837473e-002
1.573782812461105e-004	4.497094e-002
1.583548437461105e-004	1.176402e-001
1.593314062461105e-004	1.885400e-001
1.603079687461105e-004	2.566041e-001
1.612845312461105e-004	3.208085e-001
1.622610937461105e-004	3.801877e-001
1.632376562461105e-004	4.338486e-001
1.642142187461105e-004	4.809839e-001
1.651907812461105e-004	5.208848e-001
1.661673437461105e-004	5.529511e-001
1.671439062461105e-004	5.767005e-001
1.681204687461105e-004	5.917758e-001
1.690970312461105e-004	5.979503e-001
1.700735937461105e-004	5.951310e-001
1.710501562461105e-004	5.833603e-001
1.720267187461105e-004	5.628154e-001
1.730032812461105e-004	5.338053e-001
1.739798437461106e-004	4.967662e-001
1.749564062461106e-004	4.522552e-001
1.759329687461106e-004	4.009420e-001
1.769095312461106e-004	3.435982e-001
1.778860937461106e-004	2.810864e-001
1.788626562461106e-004	2.143467e-001
1.798392187461106e-004	1.443831e-001
1.808157812461106e-004	7.224783e-002
1.817923437461106e-004	-9.741192e-004
1.827689062461106e-004	-7.418142e-002
1.837454687461106e-004	-1.462730e-001
1.847220312461106e-004	-2.161644e-001
1.856985937461106e-004	-2.828045e-001
1.866751562461106e-004	-3.451910e-001
1.876517187461106e-004	-4.023855e-001
1.886282812461106e-004	-4.535278e-001
1.896048437461106e-004	-4.978486e-001
1.905814062461106e-004	-5.346812e-001
1.915579687461106e-004	-5.634718e-001
1.925345312461106e-004	-5.837872e-001
1.935110937461106e-004	-5.953219e-001
1.944876562461106e-004	-5.979024e-001
1.954642187461106e-004	-5.914900e-001
1.964407812461106e-004	-5.761809e-001
1.974173437461106e-004	-5.522056e-001
1.983939062461106e-004	-5.199245e-001
1.993704687461106e-004	-4.798234e-001
2.003470312461106e-004	-4.325052e-001
2.013235937461106e-004	-3.786817e-001
2.023001562461106e-004	-3.191625e-001
2.032767187461106e-004	-2.548429e-001
2.042532812461106e-004	-1.866901e-001
2.052298437461106e-004	-1.157294e-001
2.062064062461106e-004	-4.302796e-002
2.071829687461106e-004	3.032064e-002
2.081595312461106e-004	1.032132e-001
2.091360937461106e-004	1.745533e-001
2.101126562461106e-004	2.432680e-001
2.110892187461106e-004	3.083237e-001
2.120657812461106e-004	3.687420e-001
2.130423437461106e-004	4.236140e-001
2.140189062461106e-004	4.721144e-001
2.149954687461106e-004	5.135139e-001
2.159720312461106e-004	5.471895e-001
2.169485937461106e-004	5.726350e-001
2.179251562461106e-004	5.894675e-001
2.189017187461106e-004	5.974338e-001
2.198782812461106e-004	5.964142e-001
2.208548437461106e-004	5.864240e-001
2.218314062461106e-004	5.676134e-001
2.228079687461106e-004	5.402654e-001
2.237845312461106e-004	5.047913e-001
2.247610937461106e-004	4.617246e-001
2.257376562461106e-004	4.117132e-001
2.267142187461106e-004	3.555092e-001
2.276907812461106e-004	2.939580e-001
2.286673437461106e-004	2.279855e-001
2.296439062461106e-004	1.585838e-001
2.306204687461106e-004	8.679687e-002
2.315970312461106e-004	1.370444e-002
2.325735937461106e-004	-5.959412e-002
2.335501562461106e-004	-1.319963e-001
2.345267187461106e-004	-2.024132e-001
2.355032812461106e-004	-2.697856e-001
2.364798437461106e-004	-3.331001e-001
2.374564062461106e-004	-3.914045e-001
2.384329687461106e-004	-4.438218e-001
2.394095312461106e-004	-4.895637e-001
2.403860937461106e-004	-5.279421e-001
2.413626562461106e-004	-5.583797e-001
2.423392187461106e-004	-5.804187e-001
2.433157812461106e-004	-5.937277e-001
2.442923437461106e-004	-5.981065e-001
2.452689062461106e-004	-5.934892e-001
2.462454687461106e-004	-5.799453e-001
2.472220312461106e-004	-5.576785e-001
2.481985937461106e-004	-5.270236e-001
2.491751562461106e-004	-4.884419e-001
2.501517187461106e-004	-4.425135e-001
2.511282812461106e-004	-3.899293e-001
2.521048437461106e-004	-3.314802e-001
2.530814062461106e-004	-2.680453e-001
2.540579687461106e-004	-2.005788e-001
2.550345312461106e-004	-1.300954e-001
2.560110937461106e-004	-5.765526e-002
2.569876562461106e-004	1.565209e-002
2.579642187461106e-004	8.872402e-002
2.589407812461106e-004	1.604615e-001
2.599173437461106e-004	2.297854e-001
2.608939062461106e-004	2.956532e-001
2.618704687461106e-004	3.570740e-001
2.628470312461106e-004	4.131242e-001
2.638235937461106e-004	4.629605e-001
2.648001562461106e-004	5.058336e-001
2.657767187461106e-004	5.410984e-001
2.667532812461106e-004	5.682245e-001
2.677298437461106e-004	5.868041e-001
2.687064062461106e-004	5.965576e-001
2.696829687461106e-004	5.973382e-001
2.706595312461106e-004	5.891344e-001
2.716360937461106e-004	5.720694e-001
2.726126562461106e-004	5.464000e-001
2.735892187461106e-004	5.125123e-001
2.745657812461106e-004	4.709158e-001
2.755423437461106e-004	4.222363e-001
2.765189062461106e-004	3.672060e-001
2.774954687461106e-004	3.066527e-001
2.784720312461106e-004	2.414869e-001
2.794485937461106e-004	1.726890e-001
2.804251562461106e-004	1.012936e-001
2.814017187461106e-004	2.837475e-002
2.823782812461106e-004	-4.497092e-002
2.833548437461106e-004	-1.176402e-001
2.843314062461106e-004	-1.885400e-001
2.853079687461106e-004	-2.566041e-001
2.862845312461106e-004	-3.208085e-001
2.872610937461106e-004	-3.801877e-001
2.882376562461106e-004	-4.338486e-001
2.892142187461106e-004	-4.809839e-001
2.901907812461106e-004	-5.208848e-001
2.911673437461106e-004	-5.529511e-001
2.921439062461106e-004	-5.767005e-001
2.931204687461106e-004	-5.917758e-001
2.940970312461106e-004	-5.979502e-001
2.950735937461106e-004	-5.951309e-001
2.960501562461106e-004	-5.833603e-001
2.970267187461106e-004	-5.628154e-001
2.980032812461106e-004	-5.338053e-001
2.989798437461106e-004	-4.967662e-001
2.999564062461106e-004	-4.522552e-001
3.009329687461106e-004	-4.009420e-001
3.019095312461106e-004	-3.435982e-001
3.028860937461106e-004	-2.810864e-001
3.038626562461106e-004	-2.143467e-001
3.048392187461106e-004	-1.443831e-001
3.058157812461106e-004	-7.224783e-002
3.067923437461106e-004	9.741197e-004
3.077689062461106e-004	7.418142e-002
3.087454687461106e-004	1.462730e-001
3.097220312461106e-004	2.161644e-001
3.106985937461106e-004	2.828045e-001
3.116751562461106e-004	3.451910e-001
3.126517187461106e-004	4.023855e-001
3.136282812461106e-004	4.535278e-001
3.146048437461106e-004	4.978486e-001
3.155814062461106e-004	5.346812e-001
3.165579687461106e-004	5.634718e-001
3.175345312461107e-004	5.837872e-001
3.185110937461107e-004	5.953219e-001
3.194876562461107e-004	5.979024e-001
3.204642187461107e-004	5.914900e-001
3.214407812461107e-004	5.761809e-001
3.224173437461107e-004	5.522056e-001
3.233939062461107e-004	5.199245e-001
3.243704687461107e-004	4.798234e-001
3.253470312461107e-004	4.325052e-001
3.263235937461107e-004	3.786817e-001
3.273001562461107e-004	3.191625e-001
3.282767187461107e-004	2.548429e-001
3.292532812461107e-004	1.866901e-001
3.302298437461107e-004	1.157294e-001
3.312064062461107e-004	4.302796e-002
3.321829687461107e-004	-3.032064e-002
3.331595312461107e-004	-1.032132e-001
3.341360937461107e-004	-1.745533e-001
3.351126562461107e-004	-2.432680e-001
3.360892187461107e-004	-3.083237e-001
3.370657812461107e-004	-3.687420e-001
3.380423437461107e-004	-4.236140e-001
3.390189062461107e-004	-4.721144e-001
3.399954687461107e-004	-5.135139e-001
3.409720312461107e-004	-5.471895e-001
3.419485937461107e-004	-5.726350e-001
3.429251562461107e-004	-5.894675e-001
3.439017187461107e-004	-5.974338e-001
3.448782812461107e-004	-5.964142e-001
3.458548437461107e-004	-5.864240e-001
3.468314062461107e-004	-5.676134e-001
3.478079687461107e-004	-5.402654e-001
3.487845312461107e-004	-5.047913e-001
3.497610937461107e-004	-4.617246e-001
3.507376562461107e-004	-4.117132e-001
3.517142187461107e-004	-3.555092e-001
3.526907812461107e-004	-2.939580e-001
3.536673437461107e-004	-2.279855e-001
3.546439062461107e-004	-1.585838e-001
3.556204687461107e-004	-8.679687e-002
3.565970312461107e-004	-1.370444e-002
3.575735937461107e-004	5.959412e-002
3.585501562461107e-004	1.319963e-001
3.595267187461107e-004	2.024132e-001
3.605032812461107e-004	2.697856e-001
3.614798437461107e-004	3.331001e-001
3.624564062461107e-004	3.914045e-001
3.634329687461107e-004	4.438218e-001
3.644095312461107e-004	4.895637e-001
3.653860937461107e-004	5.279421e-001
3.663626562461107e-004	5.583797e-001
3.673392187461107e-004	5.804187e-001
3.683157812461107e-004	5.937277e-001
3.692923437461107e-004	5.981065e-001
3.702689062461107e-004	5.934892e-001
3.712454687461107e-004	5.799453e-001
3.722220312461107e-004	5.576785e-001
3.731985937461107e-004	5.270236e-001
3.741751562461107e-004	4.884419e-001
3.751517187461107e-004	4.425135e-001
3.761282812461107e-004	3.899293e-001
3.771048437461107e-004	3.314802e-001
3.780814062461107e-004	2.680453e-001
3.790579687461107e-004	2.005788e-001
3.800345312461107e-004	1.300954e-001
3.810110937461107e-004	5.765526e-002
3.819876562461107e-004	-1.565209e-002
3.829642187461107e-004	-8.872402e-002
3.839407812461107e-004	-1.604615e-001
3.849173437461107e-004	-2.297854e-001
3.858939062461107e-004	-2.956532e-001
3.868704687461107e-004	-3.570740e-001
3.878470312461107e-004	-4.131242e-001
3.888235937461107e-004	-4.629605e-001
3.898001562461107e-004	-5.058336e-001
3.907767187461107e-004	-5.410984e-001
3.917532812461107e-004	-5.682245e-001
3.927298437461107e-004	-5.868041e-001
3.937064062461107e-004	-5.965576e-001
3.946829687461107e-004	-5.973382e-001
3.956595312461107e-004	-5.891344e-001
3.966360937461107e-004	-5.720694e-001
3.976126562461107e-004	-5.464000e-001
3.985892187461107e-004	-5.125123e-001
3.995657812461107e-004	-4.709158e-001
4.005423437461107e-004	-4.222363e-001
4.015189062461107e-004	-3.672060e-001
4.024954687461107e-004	-3.066527e-001
4.034720312461107e-004	-2.414869e-001
4.044485937461107e-004	-1.726890e-001
4.054251562461107e-004	-1.012936e-001
4.064017187461107e-004	-2.837475e-002
4.073782812461107e-004	4.497092e-002
4.083548437461107e-004	1.176402e-001
4.093314062461107e-004	1.885400e-001
4.103079687461107e-004	2.566041e-001
4.112845312461107e-004	3.208085e-001
4.122610937461107e-004	3.801877e-001
4.132376562461107e-004	4.338486e-001
4.142142187461107e-004	4.809839e-001
4.151907812461107e-004	5.208848e-001
4.161673437461107e-004	5.529511e-001
4.171439062461107e-004	5.767005e-001
4.181204687461107e-004	5.917758e-001
4.190970312461107e-004	5.979502e-001
4.200735937461107e-004	5.951309e-001
4.210501562461107e-004	5.833603e-001
4.220267187461107e-004	5.628154e-001
4.230032812461107e-004	5.338053e-001
4.239798437461107e-004	4.967662e-001
4.249564062461107e-004	4.522552e-001
4.259329687461107e-004	4.009420e-001
4.269095312461107e-004	3.435982e-001
4.278860937461107e-004	2.810864e-001
4.288626562461107e-004	2.143467e-001
4.298392187461108e-004	1.443831e-001
4.308157812461108e-004	7.224783e-002
4.317923437461108e-004	-9.741197e-004
4.327689062461108e-004	-7.418142e-002
4.337454687461108e-004	-1.462730e-001
4.347220312461108e-004	-2.161644e-001
4.356985937461108e-004	-2.828045e-001
4.366751562461108e-004	-3.451910e-001
4.376517187461108e-004	-4.023855e-001
4.386282812461108e-004	-4.535278e-001
4.396048437461108e-004	-4.978486e-001
4.405814062461108e-004	-5.346812e-001
4.415579687461108e-004	-5.634718e-001
4.425345312461108e-004	-5.837872e-001
4.435110937461108e-004	-5.953219e-001
4.444876562461108e-004	-5.979024e-001
4.454642187461108e-004	-5.914900e-001
4.464407812461108e-004	-5.761809e-001
4.474173437461108e-004	-5.522056e-001
4.483939062461108e-004	-5.199245e-001
4.493704687461108e-004	-4.798234e-001
4.503470312461108e-004	-4.325052e-001
4.513235937461108e-004	-3.786817e-001
4.523001562461108e-004	-3.191625e-001
4.532767187461108e-004	-2.548429e-001
4.542532812461108e-004	-1.866901e-001
4.552298437461108e-004	-1.157294e-001
4.562064062461108e-004	-4.302796e-002
4.571829687461108e-004	3.032064e-002
4.581595312461108e-004	1.032132e-001
4.591360937461108e-004	1.745533e-001
4.601126562461108e-004	2.432680e-001
4.610892187461108e-004	3.083237e-001
4.620657812461108e-004	3.687420e-001
4.630423437461108e-004	4.236140e-001
4.640189062461108e-004	4.721144e-001
4.649954687461108e-004	5.135139e-001
4.659720312461108e-004	5.471895e-001
4.669485937461108e-004	5.726350e-001
4.679251562461108e-004	5.894675e-001
4.689017187461108e-004	5.974338e-001
4.698782812461108e-004	5.964142e-001
4.708548437461108e-004	5.864240e-001
4.718314062461108e-004	5.676134e-001
4.728079687461108e-004	5.402654e-001
4.737845312461108e-004	5.047913e-001
4.747610937461108e-004	4.617246e-001
4.757376562461108e-004	4.117132e-001
4.767142187461108e-004	3.555092e-001
4.776907812461108e-004	2.939580e-001
4.786673437461108e-004	2.279855e-001
4.796439062461108e-004	1.585838e-001
4.806204687461108e-004	8.679687e-002
4.815970312461108e-004	1.370444e-002
4.825735937461108e-004	-5.959412e-002
4.835501562461108e-004	-1.319963e-001
4.845267187461108e-004	-2.024132e-001
4.855032812461108e-004	-2.697856e-001
4.864798437461108e-004	-3.331001e-001
4.874564062461108e-004	-3.914045e-001
4.884329687461108e-004	-4.438218e-001
4.894095312461107e-004	-4.895637e-001
4.903860937461106e-004	-5.279421e-001
4.913626562461105e-004	-5.583797e-001
4.923392187461104e-004	-5.804187e-001
4.933157812461103e-004	-5.937277e-001
4.942923437461102e-004	-5.981065e-001
4.952689062461100e-004	-5.934892e-001
4.962454687461099e-004	-5.799453e-001
4.972220312461098e-004	-5.576785e-001
4.981985937461097e-004	-5.270236e-001
4.991751562461096e-004	-4.884419e-001
4.996634374961096e-004	-4.664894e-001
5.000000000000000e-004	-4.505256e-001
